[views/storage_metric]
version = 6.1.9
modtime = 1446586724.860432000

[views/storage_timeline_metric]
version = 6.1.9
modtime = 1446585713.029743000

[views/storage_performance]
version = 6.1.9
modtime = 1446585907.731249000
